bass_enable=false
bass_maxgain=4
compression_aggressiveness=800
compression_enable=false
compression_maxatk=30
compression_maxrel=200
convolver_enable=false
convolver_file="/home/pratyush/.config/jamesdsp/irs/KZ EDX Pro minimum phase 48000 Hz(1).wav"
convolver_optimization_mode=0
convolver_waveform_edit="-80;-100;0;0;0;0"
crossfeed_bs2b_fcut=700
crossfeed_bs2b_feed=60
crossfeed_enable=false
crossfeed_mode=0
ddc_enable=true
ddc_file="/home/pratyush/.config/jamesdsp/vdc/KZtruub.vdc"
graphiceq_enable=false
graphiceq_param="GraphicEQ: 19.8 6.34; 20.5 5.81; 21.2 5.81; 22.2 5.81; 23.2 5.52; 25.4 5.81; 26.6 5.81; 28.5 5.52; 29.3 5.52; 31.2 5.52; 33.2 5.52; 36.3 5.81; 37.6 5.81; 40.1 5.81; 43.4 5.81; 45 5.52; 48.4 5.52; 50.1 5.52; 52.9 5.52; 56.3 5.2; 58.9 5.2; 61.6 5.91; 65 5.7; 69.2 5.52; 74.3 4.92; 78.4 4.92; 83.5 6.09; 88.1 5.95; 92.1 5.2; 97.2 5.2; 103.5 5.2; 110.2 5.2; 114.2 5.2; 122.7 5.2; 128.3 5.52; 136.6 5.52; 142.8 5.52; 153.4 4.77; 157.6 4.31; 166.3 4.31; 175.4 4.31; 183.5 4.59; 195.3 4.59; 206.1 4.59; 217.5 4.92; 227.4 2.99; 244.3 2.99; 255.5 3.7; 269.6 4.02; 284.4 4.31; 302.8 4.59; 319.5 4.92; 340.2 5.2; 352.6 5.2; 375.4 5.52; 396.1 5.2; 421.7 5.49; 441 6.09; 473.7 5.49; 491 4.59; 518 4.92; 551.5 4.92; 587.2 5.2; 619.5 5.52; 642.1 5.52; 696 3.7; 741 4.02; 774.9 4.31; 832.4 4.31; 862.7 4.02; 910.3 4.02; 969.1 4.02; 1013.5 4.02; 1050.4 3.81; 1108.3 3.52; 1201.3 4.31; 1267.5 4.31; 1349.4 3.63; 1423.9 3.31; 1489 4.02; 1571.1 3.7; 1672.7 3.31; 1765 2.88; 1879 2.49; 1947.5 2.31; 2129.8 0.6; 2308.7 0.69; 2408.9 0.65; 2554.3 1.27; 2705.6 2.66; 2827.9 3.67; 2998.6 4.68; 3173 4.68; 3361.1 5.37; 3560.2 5.76; 3713.5 5.76; 3933.6 5.37; 4166.7 4.68; 4413.6 3.67; 4627.3 2.66; 4758.5 2.21; 5079.9 1.36; 5446.6 2.41; 5654.5 3.67; 5783.8 4.95; 6045.2 6.27; 6476.3 6.77; 6762.1 5.57; 7184.9 4.68; 7602.9 4.68; 7938.3 4.95; 8400.1 5.26; 8925.4 5.26; 9444.6 4.95; 9994 4.68; 10575 3.87; 11042 3.17; 11732 2.55; 12517 3.67; 13300 5.26; 13535 4.95; 14132 3.87; 14954 2.55; 16676 3.56; 17828 2.27; 18826 1.16; 19963 0.57"
liveprog_enable=false
liveprog_file=""
master_enable=true
master_limrelease=69
master_limthreshold=0
master_postgain=0
reverb_bassboost=0.25000
reverb_decay=2.08000
reverb_delay=0.00000
reverb_enable=false
reverb_finaldry=-7.00000
reverb_finalwet=-9.00000
reverb_lfo_spin=0.70000
reverb_lfo_wander=0.30000
reverb_lpf_bass=600
reverb_lpf_damp=9000
reverb_lpf_input=18000
reverb_lpf_output=17000
reverb_osf=1
reverb_reflection_amount=0.30000
reverb_reflection_factor=1.00000
reverb_reflection_width=0.70000
reverb_wet=-8.00000
reverb_width=1.00000
stereowide_enable=false
stereowide_level=60
tone_enable=false
tone_eq="25.0;40.0;63.0;100.0;160.0;250.0;400.0;630.0;1000.0;1600.0;2500.0;4000.0;6300.0;10000.0;16000.0;0;0;0;0;0;0;0;0;0;0;0;0;0;0;0"
tone_filtertype=1
tone_interpolation=0
tube_enable=true
tube_pregain=105
