bass_enable=false
bass_maxgain=4
compression_aggressiveness=800
compression_enable=false
compression_maxatk=30
compression_maxrel=200
convolver_enable=false
convolver_file="/home/pratyush/.config/jamesdsp/irs/CorredHRTF_Crossfeed.wav"
convolver_optimization_mode=0
convolver_waveform_edit="-80;-100;0;0;0;0"
crossfeed_bs2b_fcut=700
crossfeed_bs2b_feed=60
crossfeed_enable=false
crossfeed_mode=0
ddc_enable=false
ddc_file="/home/pratyush/.config/jamesdsp/vdc/KZ EDX Pro latest .vdc"
graphiceq_enable=true
graphiceq_param="GraphicEQ: 19.9 6.71; 20.7 6.16; 21.5 6.16; 22.4 6.16; 23.4 5.88; 25.6 6.16; 26.7 6.16; 28.9 5.88; 29.5 5.88; 31.5 5.88; 33.5 5.88; 36.7 6.16; 38.1 6.16; 40.6 6.16; 43.9 6.16; 45.6 5.88; 48.6 5.88; 50.5 5.88; 53.2 5.88; 56.7 5.57; 59.6 5.57; 62.3 6.27; 65.3 6.07; 69.5 5.88; 75.1 5.26; 78.9 5.26; 84.1 6.46; 88.8 6.29; 93.2 5.57; 98.1 5.57; 104.5 5.57; 111.4 5.57; 115.7 5.57; 123.3 5.57; 129.8 5.88; 138.4 5.88; 143.7 5.88; 155.1 5.12; 159.3 4.68; 167.5 4.68; 176.4 4.68; 185.7 4.95; 197.7 4.95; 208.1 4.95; 219.1 5.26; 230.4 3.36; 245.8 3.36; 258.5 4.06; 272.2 4.37; 286.5 4.68; 305.4 4.95; 321.2 5.26; 342.7 5.57; 355.9 5.57; 379.4 5.88; 398.1 5.57; 424.8 5.85; 446.7 6.46; 476.1 5.85; 495.6 4.95; 521.8 5.26; 556.1 5.26; 592.7 5.57; 624 5.88; 648.1 5.88; 700.1 4.06; 746.2 4.37; 784.7 4.68; 836.4 4.68; 869.7 4.37; 914.6 4.37; 974.8 4.37; 1026.2 4.37; 1059.5 4.17; 1117.6 3.87; 1209.7 4.68; 1281.4 4.68; 1357.3 3.98; 1437.8 3.67; 1499.7 4.37; 1590.2 4.06; 1684.4 3.67; 1784.2 3.25; 1891.9 2.86; 1971.3 2.66; 2153.5 0.96; 2285.9 0.54; 2408.9 0.65; 2554.3 1.27; 2705.6 2.66; 2827.9 3.67; 2998.6 4.68; 3173 4.68; 3361.1 5.37; 3560.2 5.76; 3713.5 5.76; 3933.6 5.37; 4166.7 4.68; 4413.6 3.67; 4627.3 2.66; 4826.5 0.96; 5096.8 0.65; 5316.2 1.85; 5654.5 3.67; 5783.8 4.95; 6045.2 6.27; 6476.3 6.77; 6762.1 5.57; 7184.9 4.68; 7602.9 4.68; 7938.3 4.95; 8400.1 5.26; 8925.4 5.26; 9444.6 4.95; 9994 4.68; 10575 3.87; 11042 3.17; 11732 2.55; 12517 3.67; 13300 5.26; 13535 4.95; 14132 3.87; 14954 2.55; 16676 3.56; 17828 2.27; 18826 1.16; 19963 0.57"
liveprog_enable=false
liveprog_file=""
master_enable=true
master_limrelease=69
master_limthreshold=0
master_postgain=0
reverb_bassboost=0.25000
reverb_decay=2.08000
reverb_delay=0.00000
reverb_enable=false
reverb_finaldry=-7.00000
reverb_finalwet=-9.00000
reverb_lfo_spin=0.70000
reverb_lfo_wander=0.30000
reverb_lpf_bass=600
reverb_lpf_damp=9000
reverb_lpf_input=18000
reverb_lpf_output=17000
reverb_osf=1
reverb_reflection_amount=0.30000
reverb_reflection_factor=1.00000
reverb_reflection_width=0.70000
reverb_wet=-8.00000
reverb_width=1.00000
stereowide_enable=false
stereowide_level=60
tone_enable=false
tone_eq="25.0;40.0;63.0;100.0;160.0;250.0;400.0;630.0;1000.0;1600.0;2500.0;4000.0;6300.0;10000.0;16000.0;0;0;0;0;0;0;0;0;0;0;0;0;0;0;0"
tone_filtertype=1
tone_interpolation=0
tube_enable=false
tube_pregain=200
