SR_44100:1.0013264329124079,-1.989668999334421,0.9884278912907168,1.989668999334421,-0.9897543242031245,1.0017253345091277,-1.963573355792184,0.9625083560427319,1.963573355792184,-0.9642336905518596,1.0094834570312456,-1.6561380292770524,0.6704199751033246,1.6561380292770524,-0.6799034321345703,0.9845034415756015,-1.7353187831436834,0.8200856664108366,1.7353187831436834,-0.804589107986438,1.0742663788798832,-0.8083819533710425,-0.17442088887314008,0.8083819533710425,0.1001545099932572,1.010199136658154,-1.6457392533857278,0.8634555647908151,1.6457392533857278,-0.8736547014489693,0.9910964938504634,-1.4160913230381225,0.870903601370626,1.4160913230381225,-0.8620000952210892,1.0087250671185632,-1.1611195708326014,0.848262678407683,1.1611195708326014,-0.8569877455262462,1.0558359525452692,-0.35068001260354725,0.5932778239702707,0.35068001260354725,-0.6491137765155401
SR_48000:1.0012191673872672,-1.9905108150990891,0.9893637006377802,1.9905108150990891,-0.9905828680250476,1.0015874535693672,-1.9665337668566096,0.965504518859075,1.9665337668566096,-0.9670919724284419,1.0088259974713067,-1.6817618616836967,0.6932687672072279,1.6817618616836967,-0.7020947646785347,0.9856496991134462,-1.760044570634186,0.8333936639284151,1.760044570634186,-0.8190433630418613,1.071259043869338,-0.8631495682943852,-0.12686401173044434,0.8631495682943852,0.055604967861106434,1.0094183605040101,-1.6893225145772528,0.873908472969777,1.6893225145772528,-0.8833268334737873,0.9917741687662294,-1.491505233342287,0.8807295496653227,1.491505233342287,-0.8725037184315521,1.0080624144631665,-1.270767368086486,0.8597868463836552,1.270767368086486,-0.8678492608468216,1.0519955962151866,-0.5334902674076183,0.621251880328215,0.5334902674076183,-0.6732474765434016