SR_44100:1.0004635424560926,-1.995365839041121,0.9949529284922517,1.995365839041121,-0.9954164709483445,1.0010986072384729,-1.9945935511137867,0.9935752969780389,1.9945935511137867,-0.9946739042165118,1.0004858464664204,-1.9632777409839173,0.9633021272500969,1.9632777409839173,-0.9637879737165171,1.0132082309554242,-1.9284466022171185,0.9274875406264169,1.9284466022171185,-0.9406957715818413,1.0,-1.813663687144468,0.9038510379142618,1.813663687144468,-0.9038510379142618,1.010304972486004,-1.7510198806397002,0.9100970273440011,1.7510198806397002,-0.9204019998300051,1.0281886502047781,-1.6626995597322456,0.8656568941223246,1.6626995597322456,-0.8938455443271028,0.9921782083252418,-1.4093717774360381,0.886587921760121,1.4093717774360381,-0.8787661300853629,1.0231845956184324,-1.150148491009797,0.8549144858846532,1.150148491009797,-0.8780990815030857,1.079954735435146,-0.6644191180147155,0.44058740833933646,0.6644191180147155,-0.5205421437744825
SR_48000:1.0004259589253273,-1.995745352163318,0.9953621396978138,1.995745352163318,-0.9957880986231411,1.0010095637585978,-1.9950377499591099,0.994096027130003,1.9950377499591099,-0.995105590888601,1.0004470280037192,-1.9662499389803623,0.9662342366776995,1.9662499389803623,-0.9666812646814187,1.0121642356585892,-1.935017034120342,0.9332190172188135,1.935017034120342,-0.9453832528774027,1.0,-1.8347977554917292,0.911318658106147,1.8347977554917292,-0.911318658106147,1.0094982259324672,-1.78285885673373,0.9171352715937027,1.78285885673373,-0.9266334975261697,1.0260093718835033,-1.7054582334146677,0.8760430252823876,1.7054582334146677,-0.9020523971658909,0.992778420138265,-1.4871591689770032,0.8952906936990281,1.4871591689770032,-0.8880691138372929,1.0214054681165963,-1.26313646801582,0.8660479829932003,1.26313646801582,-0.8874534511097966,1.074815948454968,-0.8017335337691442,0.4765415282163905,0.8017335337691442,-0.5513574766713586