SR_44100:1.0006112563417269,-1.9899082085647872,0.9893696634261268,1.9899082085647872,-0.9899809197678536,1.00215753855544,-1.9639753948700134,0.9624783262769279,1.9639753948700134,-0.9646358648323681,1.0424666803935416,-1.6812224514513383,0.6628811326795488,1.6812224514513383,-0.7053478130730905,0.9793767955476156,-1.7303819160953888,0.8200783759025106,1.7303819160953888,-0.7994551714501262,1.2078248166880254,-0.8546560021980958,-0.25646964865379257,0.8546560021980958,0.04864483196576733,1.010199136658154,-1.6457392533857278,0.8634555647908151,1.6457392533857278,-0.8736547014489693,0.9851880072829953,-1.4115013077081793,0.8707767363739845,1.4115013077081793,-0.8559647436569797,1.0193281206900062,-1.1666878528179854,0.8465650224113386,1.1666878528179854,-0.8658931431013448,1.0558359525452692,-0.35068001260354725,0.5932778239702707,0.35068001260354725,-0.6491137765155401
SR_48000:1.0005618203188835,-1.990729823111319,0.9902294034825097,1.990729823111319,-0.990791223801393,1.0019850853396437,-1.9669042284261433,0.9654774538147832,1.9669042284261433,-0.9674625391544269,1.0394811359732996,-1.7054435901582428,0.6865816749390276,1.7054435901582428,-0.726062810912327,0.9808982438313872,-1.7554067603457233,0.8333518439917472,1.7554067603457233,-0.8142500878231345,1.198948021857713,-0.9104482643090896,-0.20280222115711907,0.9104482643090896,0.00385419929940593,1.0094183605040101,-1.6893225145772528,0.873908472969777,1.6893225145772528,-0.8833268334737873,0.9863120194636086,-1.487037640926446,0.8805828796194844,1.487037640926446,-0.8668948990830929,1.01785368316003,-1.276396591998468,0.8582697449240021,1.276396591998468,-0.8761234280840321,1.0519955962151866,-0.5334902674076183,0.621251880328215,0.5334902674076183,-0.6732474765434016